275,274,273,273,273,273,273,274,274,273
215,217,219,221,223,225,227,229,231,233
0,0,0,0,0,0,0,0,0,0
272,272,272,273,273,273,273,274,275,276
218,219,220,222,224,226,228,230,232,235
1,1,1,1,1,1,1,1,1,1
273,273,273,273,273,273,273,274,275,277
217,219,221,223,225,227,229,231,234,236
2,2,2,2,2,2,2,2,2,2
272,272,273,273,274,275,276,277,278,279
218,221,224,227,230,233,235,236,237,238
3,3,3,3,3,3,3,3,3,3
272,272,273,274,276,278,279,279,278,277
218,222,226,230,234,236,237,237,236,235
4,4,4,4,4,4,4,4,4,4
273,273,273,273,273,273,273,272,271,270
228,224,221,219,219,221,225,231,239,247
5,5,5,5,5,5,5,5,5,5
274,274,273,272,272,273,275,278,282,286
217,217,217,218,221,225,230,235,240,245
6,6,6,6,6,6,6,6,6,6
273,273,273,274,277,282,287,293,299,303
214,218,222,227,232,236,240,244,249,255
7,7,7,7,7,7,7,7,7,7
273,273,274,275,277,280,284,289,294,299
216,219,222,225,228,231,235,239,244,249
8,8,8,8,8,8,8,8,8,8
274,274,274,274,274,275,278,283,289,295
215,215,215,216,219,224,230,237,246,256
9,9,9,9,9,9,9,9,9,9
